{
 "cells": [
  {
   "cell_type": "markdown",
   "metadata": {},
   "source": [
    "# Distance matrix to tree"
   ]
  },
  {
   "cell_type": "code",
   "execution_count": 1,
   "metadata": {},
   "outputs": [],
   "source": [
    "ip = \"\"\"32\n",
    "60->61:5\n",
    "60->4:6\n",
    "60->59:9\n",
    "61->60:5\n",
    "61->30:10\n",
    "61->47:14\n",
    "30->61:10\n",
    "47->61:14\n",
    "47->24:15\n",
    "47->46:8\n",
    "4->60:6\n",
    "59->60:9\n",
    "59->7:10\n",
    "59->58:10\n",
    "7->59:10\n",
    "58->59:10\n",
    "58->9:11\n",
    "58->57:9\n",
    "9->58:11\n",
    "57->58:9\n",
    "57->18:6\n",
    "57->56:9\n",
    "18->57:6\n",
    "56->57:9\n",
    "56->16:6\n",
    "56->55:11\n",
    "16->56:6\n",
    "55->56:11\n",
    "55->12:15\n",
    "55->54:14\n",
    "12->55:15\n",
    "54->55:14\n",
    "54->6:15\n",
    "54->53:5\n",
    "6->54:15\n",
    "53->54:5\n",
    "53->0:15\n",
    "53->52:6\n",
    "0->53:15\n",
    "52->53:6\n",
    "52->11:9\n",
    "52->51:12\n",
    "11->52:9\n",
    "51->52:12\n",
    "51->8:6\n",
    "51->50:9\n",
    "8->51:6\n",
    "50->51:9\n",
    "50->23:6\n",
    "50->49:12\n",
    "23->50:6\n",
    "49->50:12\n",
    "49->28:6\n",
    "49->48:5\n",
    "28->49:6\n",
    "48->49:5\n",
    "48->5:12\n",
    "48->45:12\n",
    "5->48:12\n",
    "45->48:12\n",
    "45->22:14\n",
    "45->25:11\n",
    "24->47:15\n",
    "46->47:8\n",
    "46->14:6\n",
    "46->44:15\n",
    "14->46:6\n",
    "44->46:15\n",
    "44->19:11\n",
    "44->43:10\n",
    "22->45:14\n",
    "25->45:11\n",
    "19->44:11\n",
    "43->44:10\n",
    "43->31:11\n",
    "43->42:10\n",
    "31->43:11\n",
    "42->43:10\n",
    "42->17:6\n",
    "42->41:14\n",
    "17->42:6\n",
    "41->42:14\n",
    "41->29:12\n",
    "41->40:11\n",
    "29->41:12\n",
    "40->41:11\n",
    "40->15:14\n",
    "40->39:10\n",
    "15->40:14\n",
    "39->40:10\n",
    "39->13:11\n",
    "39->38:6\n",
    "13->39:11\n",
    "38->39:6\n",
    "38->1:14\n",
    "38->37:7\n",
    "1->38:14\n",
    "37->38:7\n",
    "37->20:12\n",
    "37->36:10\n",
    "20->37:12\n",
    "36->37:10\n",
    "36->27:14\n",
    "36->35:15\n",
    "27->36:14\n",
    "35->36:15\n",
    "35->2:12\n",
    "35->34:7\n",
    "2->35:12\n",
    "34->35:7\n",
    "34->10:14\n",
    "34->33:10\n",
    "10->34:14\n",
    "33->34:10\n",
    "33->21:7\n",
    "33->32:9\n",
    "21->33:7\n",
    "32->33:9\n",
    "32->3:6\n",
    "32->26:6\n",
    "3->32:6\n",
    "26->32:6\n",
    "\"\"\""
   ]
  },
  {
   "cell_type": "code",
   "execution_count": 2,
   "metadata": {},
   "outputs": [],
   "source": [
    "ip = ip.strip()\n",
    "ip = ip.split(\"\\n\")\n",
    "n_leaves = int(ip.pop(0))"
   ]
  },
  {
   "cell_type": "code",
   "execution_count": 3,
   "metadata": {},
   "outputs": [
    {
     "data": {
      "text/plain": [
       "32"
      ]
     },
     "execution_count": 3,
     "metadata": {},
     "output_type": "execute_result"
    }
   ],
   "source": [
    "n_leaves"
   ]
  },
  {
   "cell_type": "code",
   "execution_count": 4,
   "metadata": {},
   "outputs": [],
   "source": [
    "list_of_edges = dict()\n",
    "list_of_lengths = dict()\n",
    "for i in ip :\n",
    "    edge,length = i.split(\":\")\n",
    "    list_of_lengths[edge] = int(length)\n",
    "    node_1,node_2 = edge.split(\"->\")\n",
    "    if node_1 in list_of_edges :\n",
    "        list_of_edges[node_1].append(node_2)\n",
    "    else:\n",
    "        list_of_edges[node_1] = [node_2]"
   ]
  },
  {
   "cell_type": "code",
   "execution_count": 5,
   "metadata": {},
   "outputs": [],
   "source": [
    "list_of_leaves = []\n",
    "for i in list_of_edges:\n",
    "    if len(list_of_edges[i]) == 1:\n",
    "        list_of_leaves.append(i)"
   ]
  },
  {
   "cell_type": "code",
   "execution_count": 6,
   "metadata": {},
   "outputs": [
    {
     "data": {
      "text/plain": [
       "32"
      ]
     },
     "execution_count": 6,
     "metadata": {},
     "output_type": "execute_result"
    }
   ],
   "source": [
    "len(list_of_leaves)"
   ]
  },
  {
   "cell_type": "code",
   "execution_count": 7,
   "metadata": {},
   "outputs": [],
   "source": [
    "def is_an_edge(node_1, node_2):\n",
    "    edge = node_1 + \"->\" + node_2\n",
    "    if edge in list_of_edges:\n",
    "        return True\n",
    "    else:\n",
    "        return False"
   ]
  },
  {
   "cell_type": "code",
   "execution_count": 8,
   "metadata": {},
   "outputs": [],
   "source": [
    "def is_leave(node):\n",
    "    return node in list_of_leaves"
   ]
  },
  {
   "cell_type": "code",
   "execution_count": 30,
   "metadata": {},
   "outputs": [],
   "source": [
    "leave = \"0\"\n",
    "list_of_paths = {}\n",
    "visited = []\n",
    "def find_distance(node, visited=[],length=0):\n",
    "    count =0 \n",
    "    count +=1\n",
    "    visited.append(node)\n",
    "    for node_2 in list_of_edges[node]:\n",
    "        if node_2 in visited:\n",
    "            continue\n",
    "        else:\n",
    "            edge = node + \"->\" + node_2            \n",
    "            path = leave + \"->\" + node_2\n",
    "            path_reverse = node_2 + \"->\" + leave\n",
    "            if is_leave(node_2) and path not in list_of_paths:\n",
    "                list_of_paths[path] = length  + list_of_lengths[edge]\n",
    "                list_of_paths[path_reverse] = length + list_of_lengths[edge]\n",
    "                continue\n",
    "        find_distance(node_2,visited,length + list_of_lengths[edge])\n",
    "    if count > 9999:\n",
    "        return None\n",
    "    return None\n"
   ]
  },
  {
   "cell_type": "code",
   "execution_count": 31,
   "metadata": {},
   "outputs": [
    {
     "data": {
      "text/plain": [
       "['30',\n",
       " '4',\n",
       " '7',\n",
       " '9',\n",
       " '18',\n",
       " '16',\n",
       " '12',\n",
       " '6',\n",
       " '0',\n",
       " '11',\n",
       " '8',\n",
       " '23',\n",
       " '28',\n",
       " '5',\n",
       " '24',\n",
       " '14',\n",
       " '22',\n",
       " '25',\n",
       " '19',\n",
       " '31',\n",
       " '17',\n",
       " '29',\n",
       " '15',\n",
       " '13',\n",
       " '1',\n",
       " '20',\n",
       " '27',\n",
       " '2',\n",
       " '10',\n",
       " '21',\n",
       " '3',\n",
       " '26']"
      ]
     },
     "execution_count": 31,
     "metadata": {},
     "output_type": "execute_result"
    }
   ],
   "source": [
    "list_of_leaves"
   ]
  },
  {
   "cell_type": "code",
   "execution_count": 32,
   "metadata": {
    "scrolled": true
   },
   "outputs": [],
   "source": [
    "list_of_paths = {}\n",
    "for leave in list_of_leaves:\n",
    "    visited = []\n",
    "    length = 0\n",
    "    find_distance(leave,visited, length)"
   ]
  },
  {
   "cell_type": "code",
   "execution_count": 33,
   "metadata": {
    "scrolled": true
   },
   "outputs": [
    {
     "data": {
      "text/plain": [
       "992"
      ]
     },
     "execution_count": 33,
     "metadata": {},
     "output_type": "execute_result"
    }
   ],
   "source": [
    "len(list_of_paths)"
   ]
  },
  {
   "cell_type": "code",
   "execution_count": 34,
   "metadata": {},
   "outputs": [
    {
     "data": {
      "text/plain": [
       "992"
      ]
     },
     "execution_count": 34,
     "metadata": {},
     "output_type": "execute_result"
    }
   ],
   "source": [
    "n_leaves*n_leaves - n_leaves"
   ]
  },
  {
   "cell_type": "code",
   "execution_count": 16,
   "metadata": {},
   "outputs": [],
   "source": [
    "import numpy as np \n",
    "D = np.zeros((n_leaves,n_leaves))\n",
    "for path in list_of_paths :\n",
    "    length = list_of_paths[path]\n",
    "    leave1, leave2 = path.split(\"->\")\n",
    "    leave1 = int(leave1)\n",
    "    leave2 = int(leave2)\n",
    "    D[leave1,leave2] = length"
   ]
  },
  {
   "cell_type": "code",
   "execution_count": 17,
   "metadata": {
    "scrolled": true
   },
   "outputs": [
    {
     "name": "stdout",
     "output_type": "stream",
     "text": [
      "0 199 229 249 88 71 35 83 39 74 238 30 49 190 115 183 51 150 60 135 204 241 85 48 116 82 249 216 60 170 97 145 \t\n",
      "199 0 58 78 123 240 194 136 208 147 67 199 180 31 96 44 160 61 151 86 33 70 254 217 113 251 78 45 229 53 122 76 \t\n",
      "229 58 0 44 153 270 224 166 238 177 33 229 210 61 126 74 190 91 181 116 49 36 284 247 143 281 44 41 259 83 152 106 \t\n",
      "249 78 44 0 173 290 244 186 258 197 39 249 230 81 146 94 210 111 201 136 69 22 304 267 163 301 12 61 279 103 172 126 \t\n",
      "88 123 153 173 0 129 83 25 97 36 162 88 69 114 39 107 49 74 40 59 128 165 143 106 40 140 173 140 118 94 21 69 \t\n",
      "71 240 270 290 129 0 76 124 44 115 279 59 90 231 156 224 92 191 101 176 245 282 38 35 157 35 290 257 23 211 138 186 \t\n",
      "35 194 224 244 83 76 0 78 44 69 233 35 44 185 110 178 46 145 55 130 199 236 90 53 111 87 244 211 65 165 92 140 \t\n",
      "83 136 166 186 25 124 78 0 92 31 175 83 64 127 52 120 44 87 35 72 141 178 138 101 53 135 186 153 113 107 34 82 \t\n",
      "39 208 238 258 97 44 44 92 0 83 247 27 58 199 124 192 60 159 69 144 213 250 58 21 125 55 258 225 33 179 106 154 \t\n",
      "74 147 177 197 36 115 69 31 83 0 186 74 55 138 63 131 35 98 26 83 152 189 129 92 64 126 197 164 104 118 45 93 \t\n",
      "238 67 33 39 162 279 233 175 247 186 0 238 219 70 135 83 199 100 190 125 58 31 293 256 152 290 39 50 268 92 161 115 \t\n",
      "30 199 229 249 88 59 35 83 27 74 238 0 49 190 115 183 51 150 60 135 204 241 73 36 116 70 249 216 48 170 97 145 \t\n",
      "49 180 210 230 69 90 44 64 58 55 219 49 0 171 96 164 32 131 41 116 185 222 104 67 97 101 230 197 79 151 78 126 \t\n",
      "190 31 61 81 114 231 185 127 199 138 70 190 171 0 87 35 151 52 142 77 36 73 245 208 104 242 81 48 220 44 113 67 \t\n",
      "115 96 126 146 39 156 110 52 124 63 135 115 96 87 0 80 76 47 67 32 101 138 170 133 29 167 146 113 145 67 38 42 \t\n",
      "183 44 74 94 107 224 178 120 192 131 83 183 164 35 80 0 144 45 135 70 49 86 238 201 97 235 94 61 213 37 106 60 \t\n",
      "51 160 190 210 49 92 46 44 60 35 199 51 32 151 76 144 0 111 21 96 165 202 106 69 77 103 210 177 81 131 58 106 \t\n",
      "150 61 91 111 74 191 145 87 159 98 100 150 131 52 47 45 111 0 102 37 66 103 205 168 64 202 111 78 180 32 73 27 \t\n",
      "60 151 181 201 40 101 55 35 69 26 190 60 41 142 67 135 21 102 0 87 156 193 115 78 68 112 201 168 90 122 49 97 \t\n",
      "135 86 116 136 59 176 130 72 144 83 125 135 116 77 32 70 96 37 87 0 91 128 190 153 49 187 136 103 165 57 58 32 \t\n",
      "204 33 49 69 128 245 199 141 213 152 58 204 185 36 101 49 165 66 156 91 0 61 259 222 118 256 69 36 234 58 127 81 \t\n",
      "241 70 36 22 165 282 236 178 250 189 31 241 222 73 138 86 202 103 193 128 61 0 296 259 155 293 22 53 271 95 164 118 \t\n",
      "85 254 284 304 143 38 90 138 58 129 293 73 104 245 170 238 106 205 115 190 259 296 0 49 171 25 304 271 37 225 152 200 \t\n",
      "48 217 247 267 106 35 53 101 21 92 256 36 67 208 133 201 69 168 78 153 222 259 49 0 134 46 267 234 24 188 115 163 \t\n",
      "116 113 143 163 40 157 111 53 125 64 152 116 97 104 29 97 77 64 68 49 118 155 171 134 0 168 163 130 146 84 39 59 \t\n",
      "82 251 281 301 140 35 87 135 55 126 290 70 101 242 167 235 103 202 112 187 256 293 25 46 168 0 301 268 34 222 149 197 \t\n",
      "249 78 44 12 173 290 244 186 258 197 39 249 230 81 146 94 210 111 201 136 69 22 304 267 163 301 0 61 279 103 172 126 \t\n",
      "216 45 41 61 140 257 211 153 225 164 50 216 197 48 113 61 177 78 168 103 36 53 271 234 130 268 61 0 246 70 139 93 \t\n",
      "60 229 259 279 118 23 65 113 33 104 268 48 79 220 145 213 81 180 90 165 234 271 37 24 146 34 279 246 0 200 127 175 \t\n",
      "170 53 83 103 94 211 165 107 179 118 92 170 151 44 67 37 131 32 122 57 58 95 225 188 84 222 103 70 200 0 93 47 \t\n",
      "97 122 152 172 21 138 92 34 106 45 161 97 78 113 38 106 58 73 49 58 127 164 152 115 39 149 172 139 127 93 0 68 \t\n",
      "145 76 106 126 69 186 140 82 154 93 115 145 126 67 42 60 106 27 97 32 81 118 200 163 59 197 126 93 175 47 68 0 \t\n"
     ]
    }
   ],
   "source": [
    "for i in D:\n",
    "    for j in i:\n",
    "        print(int(j),end=\" \")\n",
    "    print(\"\\t\")"
   ]
  },
  {
   "cell_type": "markdown",
   "metadata": {},
   "source": [
    "# Limb length problem\n",
    "# Find limb length of j"
   ]
  },
  {
   "cell_type": "code",
   "execution_count": 10,
   "metadata": {},
   "outputs": [],
   "source": [
    "def LimbLengthList(D, j):\n",
    "    assert D.shape[0] == D.shape[1], \"Matrix doesn't have the same numbers of rows and columns\"\n",
    "    n = D.shape[0]\n",
    "    list_of_lengths = dict()\n",
    "    for i in range(n):\n",
    "        if i == j:\n",
    "            continue\n",
    "        for k in range(n):\n",
    "            if k == j or k == i:\n",
    "                continue\n",
    "            limb = (D[i,j] + D[j,k] - D[i,k])/2\n",
    "            list_of_lengths[f\"{i}-{k}\"]=limb\n",
    "    return list_of_lengths\n",
    "def FindNodesNearestToJ(D,j):\n",
    "    list_of_lengths = LimbLengthList(D,j)\n",
    "    return min(list_of_lengths.keys(), key=(lambda k: abs(list_of_lengths[k])))\n",
    "def LimbLength(D,j):\n",
    "    list_of_lengths = LimbLengthList(D,j)\n",
    "    return min(list_of_lengths.values(), key=(lambda k: abs(k)))"
   ]
  },
  {
   "cell_type": "code",
   "execution_count": 2,
   "metadata": {},
   "outputs": [],
   "source": [
    "ip = \"\"\"26\n",
    "6\n",
    "0 7720 2106 1539 6935 5177 4777 3850 1975 1031 7714 3311 7045 3229 7357 7541 4803 3688 6490 1574 2005 6471 4410 3056 5548 6614\n",
    "7720 0 7498 6783 1109 3111 3747 11164 5845 8345 15028 4523 1963 6319 14671 14855 12117 11002 3208 8888 9319 13785 4220 10370 12862 13928\n",
    "2106 7498 0 1317 6713 4955 4555 5550 1753 2731 9414 3089 6823 3007 9057 9241 6503 5388 6268 3274 3705 8171 4188 4756 7248 8314\n",
    "1539 6783 1317 0 5998 4240 3840 4983 1038 2164 8847 2374 6108 2292 8490 8674 5936 4821 5553 2707 3138 7604 3473 4189 6681 7747\n",
    "6935 1109 6713 5998 0 2326 2962 10379 5060 7560 14243 3738 1178 5534 13886 14070 11332 10217 2423 8103 8534 13000 3435 9585 12077 13143\n",
    "5177 3111 4955 4240 2326 0 1204 8621 3302 5802 12485 1980 2436 3776 12128 12312 9574 8459 1881 6345 6776 11242 1677 7827 10319 11385\n",
    "4777 3747 4555 3840 2962 1204 0 8221 2902 5402 12085 1580 3072 3376 11728 11912 9174 8059 2517 5945 6376 10842 1277 7427 9919 10985\n",
    "3850 11164 5550 4983 10379 8621 8221 0 5419 3903 4330 6755 10489 6673 3973 4157 1419 1346 9934 4166 3133 3087 7854 2500 2164 3230\n",
    "1975 5845 1753 1038 5060 3302 2902 5419 0 2600 9283 1436 5170 1354 8926 9110 6372 5257 4615 3143 3574 8040 2535 4625 7117 8183\n",
    "1031 8345 2731 2164 7560 5802 5402 3903 2600 0 7767 3936 7670 3854 7410 7594 4856 3741 7115 1627 2058 6524 5035 3109 5601 6667\n",
    "7714 15028 9414 8847 14243 12485 12085 4330 9283 7767 0 10619 14353 10537 817 1793 3851 5210 13798 8030 6997 2825 11718 6364 3468 1666\n",
    "3311 4523 3089 2374 3738 1980 1580 6755 1436 3936 10619 0 3848 1910 10262 10446 7708 6593 3293 4479 4910 9376 1213 5961 8453 9519\n",
    "7045 1963 6823 6108 1178 2436 3072 10489 5170 7670 14353 3848 0 5644 13996 14180 11442 10327 2533 8213 8644 13110 3545 9695 12187 13253\n",
    "3229 6319 3007 2292 5534 3776 3376 6673 1354 3854 10537 1910 5644 0 10180 10364 7626 6511 5089 4397 4828 9294 3009 5879 8371 9437\n",
    "7357 14671 9057 8490 13886 12128 11728 3973 8926 7410 817 10262 13996 10180 0 1436 3494 4853 13441 7673 6640 2468 11361 6007 3111 1309\n",
    "7541 14855 9241 8674 14070 12312 11912 4157 9110 7594 1793 10446 14180 10364 1436 0 3678 5037 13625 7857 6824 2652 11545 6191 3295 1493\n",
    "4803 12117 6503 5936 11332 9574 9174 1419 6372 4856 3851 7708 11442 7626 3494 3678 0 2299 10887 5119 4086 2608 8807 3453 1685 2751\n",
    "3688 11002 5388 4821 10217 8459 8059 1346 5257 3741 5210 6593 10327 6511 4853 5037 2299 0 9772 4004 2971 3967 7692 2338 3044 4110\n",
    "6490 3208 6268 5553 2423 1881 2517 9934 4615 7115 13798 3293 2533 5089 13441 13625 10887 9772 0 7658 8089 12555 2990 9140 11632 12698\n",
    "1574 8888 3274 2707 8103 6345 5945 4166 3143 1627 8030 4479 8213 4397 7673 7857 5119 4004 7658 0 2321 6787 5578 3372 5864 6930\n",
    "2005 9319 3705 3138 8534 6776 6376 3133 3574 2058 6997 4910 8644 4828 6640 6824 4086 2971 8089 2321 0 5754 6009 2339 4831 5897\n",
    "6471 13785 8171 7604 13000 11242 10842 3087 8040 6524 2825 9376 13110 9294 2468 2652 2608 3967 12555 6787 5754 0 10475 5121 2225 1725\n",
    "4410 4220 4188 3473 3435 1677 1277 7854 2535 5035 11718 1213 3545 3009 11361 11545 8807 7692 2990 5578 6009 10475 0 7060 9552 10618\n",
    "3056 10370 4756 4189 9585 7827 7427 2500 4625 3109 6364 5961 9695 5879 6007 6191 3453 2338 9140 3372 2339 5121 7060 0 4198 5264\n",
    "5548 12862 7248 6681 12077 10319 9919 2164 7117 5601 3468 8453 12187 8371 3111 3295 1685 3044 11632 5864 4831 2225 9552 4198 0 2368\n",
    "6614 13928 8314 7747 13143 11385 10985 3230 8183 6667 1666 9519 13253 9437 1309 1493 2751 4110 12698 6930 5897 1725 10618 5264 2368 0\n",
    "\"\"\""
   ]
  },
  {
   "cell_type": "code",
   "execution_count": 3,
   "metadata": {
    "scrolled": true
   },
   "outputs": [
    {
     "name": "stdout",
     "output_type": "stream",
     "text": [
      "26 6\n"
     ]
    }
   ],
   "source": [
    "ip = ip.strip()\n",
    "ip = ip.split(\"\\n\")\n",
    "n = int(ip.pop(0))\n",
    "j = int(ip.pop(0))\n",
    "print(n,j)"
   ]
  },
  {
   "cell_type": "code",
   "execution_count": 4,
   "metadata": {},
   "outputs": [
    {
     "data": {
      "text/plain": [
       "['0 7720 2106 1539 6935 5177 4777 3850 1975 1031 7714 3311 7045 3229 7357 7541 4803 3688 6490 1574 2005 6471 4410 3056 5548 6614',\n",
       " '7720 0 7498 6783 1109 3111 3747 11164 5845 8345 15028 4523 1963 6319 14671 14855 12117 11002 3208 8888 9319 13785 4220 10370 12862 13928',\n",
       " '2106 7498 0 1317 6713 4955 4555 5550 1753 2731 9414 3089 6823 3007 9057 9241 6503 5388 6268 3274 3705 8171 4188 4756 7248 8314',\n",
       " '1539 6783 1317 0 5998 4240 3840 4983 1038 2164 8847 2374 6108 2292 8490 8674 5936 4821 5553 2707 3138 7604 3473 4189 6681 7747',\n",
       " '6935 1109 6713 5998 0 2326 2962 10379 5060 7560 14243 3738 1178 5534 13886 14070 11332 10217 2423 8103 8534 13000 3435 9585 12077 13143',\n",
       " '5177 3111 4955 4240 2326 0 1204 8621 3302 5802 12485 1980 2436 3776 12128 12312 9574 8459 1881 6345 6776 11242 1677 7827 10319 11385',\n",
       " '4777 3747 4555 3840 2962 1204 0 8221 2902 5402 12085 1580 3072 3376 11728 11912 9174 8059 2517 5945 6376 10842 1277 7427 9919 10985',\n",
       " '3850 11164 5550 4983 10379 8621 8221 0 5419 3903 4330 6755 10489 6673 3973 4157 1419 1346 9934 4166 3133 3087 7854 2500 2164 3230',\n",
       " '1975 5845 1753 1038 5060 3302 2902 5419 0 2600 9283 1436 5170 1354 8926 9110 6372 5257 4615 3143 3574 8040 2535 4625 7117 8183',\n",
       " '1031 8345 2731 2164 7560 5802 5402 3903 2600 0 7767 3936 7670 3854 7410 7594 4856 3741 7115 1627 2058 6524 5035 3109 5601 6667',\n",
       " '7714 15028 9414 8847 14243 12485 12085 4330 9283 7767 0 10619 14353 10537 817 1793 3851 5210 13798 8030 6997 2825 11718 6364 3468 1666',\n",
       " '3311 4523 3089 2374 3738 1980 1580 6755 1436 3936 10619 0 3848 1910 10262 10446 7708 6593 3293 4479 4910 9376 1213 5961 8453 9519',\n",
       " '7045 1963 6823 6108 1178 2436 3072 10489 5170 7670 14353 3848 0 5644 13996 14180 11442 10327 2533 8213 8644 13110 3545 9695 12187 13253',\n",
       " '3229 6319 3007 2292 5534 3776 3376 6673 1354 3854 10537 1910 5644 0 10180 10364 7626 6511 5089 4397 4828 9294 3009 5879 8371 9437',\n",
       " '7357 14671 9057 8490 13886 12128 11728 3973 8926 7410 817 10262 13996 10180 0 1436 3494 4853 13441 7673 6640 2468 11361 6007 3111 1309',\n",
       " '7541 14855 9241 8674 14070 12312 11912 4157 9110 7594 1793 10446 14180 10364 1436 0 3678 5037 13625 7857 6824 2652 11545 6191 3295 1493',\n",
       " '4803 12117 6503 5936 11332 9574 9174 1419 6372 4856 3851 7708 11442 7626 3494 3678 0 2299 10887 5119 4086 2608 8807 3453 1685 2751',\n",
       " '3688 11002 5388 4821 10217 8459 8059 1346 5257 3741 5210 6593 10327 6511 4853 5037 2299 0 9772 4004 2971 3967 7692 2338 3044 4110',\n",
       " '6490 3208 6268 5553 2423 1881 2517 9934 4615 7115 13798 3293 2533 5089 13441 13625 10887 9772 0 7658 8089 12555 2990 9140 11632 12698',\n",
       " '1574 8888 3274 2707 8103 6345 5945 4166 3143 1627 8030 4479 8213 4397 7673 7857 5119 4004 7658 0 2321 6787 5578 3372 5864 6930',\n",
       " '2005 9319 3705 3138 8534 6776 6376 3133 3574 2058 6997 4910 8644 4828 6640 6824 4086 2971 8089 2321 0 5754 6009 2339 4831 5897',\n",
       " '6471 13785 8171 7604 13000 11242 10842 3087 8040 6524 2825 9376 13110 9294 2468 2652 2608 3967 12555 6787 5754 0 10475 5121 2225 1725',\n",
       " '4410 4220 4188 3473 3435 1677 1277 7854 2535 5035 11718 1213 3545 3009 11361 11545 8807 7692 2990 5578 6009 10475 0 7060 9552 10618',\n",
       " '3056 10370 4756 4189 9585 7827 7427 2500 4625 3109 6364 5961 9695 5879 6007 6191 3453 2338 9140 3372 2339 5121 7060 0 4198 5264',\n",
       " '5548 12862 7248 6681 12077 10319 9919 2164 7117 5601 3468 8453 12187 8371 3111 3295 1685 3044 11632 5864 4831 2225 9552 4198 0 2368',\n",
       " '6614 13928 8314 7747 13143 11385 10985 3230 8183 6667 1666 9519 13253 9437 1309 1493 2751 4110 12698 6930 5897 1725 10618 5264 2368 0']"
      ]
     },
     "execution_count": 4,
     "metadata": {},
     "output_type": "execute_result"
    }
   ],
   "source": [
    "ip"
   ]
  },
  {
   "cell_type": "code",
   "execution_count": 5,
   "metadata": {},
   "outputs": [],
   "source": [
    "import numpy as np\n",
    "D_matrix = np.zeros((n,n))\n",
    "for row,value in enumerate(ip) :\n",
    "    D_matrix[row] = [int(i) for i in value.split(\" \")]"
   ]
  },
  {
   "cell_type": "code",
   "execution_count": 6,
   "metadata": {
    "scrolled": true
   },
   "outputs": [
    {
     "data": {
      "text/plain": [
       "array([[    0.,  7720.,  2106.,  1539.,  6935.,  5177.,  4777.,  3850.,\n",
       "         1975.,  1031.,  7714.,  3311.,  7045.,  3229.,  7357.,  7541.,\n",
       "         4803.,  3688.,  6490.,  1574.,  2005.,  6471.,  4410.,  3056.,\n",
       "         5548.,  6614.],\n",
       "       [ 7720.,     0.,  7498.,  6783.,  1109.,  3111.,  3747., 11164.,\n",
       "         5845.,  8345., 15028.,  4523.,  1963.,  6319., 14671., 14855.,\n",
       "        12117., 11002.,  3208.,  8888.,  9319., 13785.,  4220., 10370.,\n",
       "        12862., 13928.],\n",
       "       [ 2106.,  7498.,     0.,  1317.,  6713.,  4955.,  4555.,  5550.,\n",
       "         1753.,  2731.,  9414.,  3089.,  6823.,  3007.,  9057.,  9241.,\n",
       "         6503.,  5388.,  6268.,  3274.,  3705.,  8171.,  4188.,  4756.,\n",
       "         7248.,  8314.],\n",
       "       [ 1539.,  6783.,  1317.,     0.,  5998.,  4240.,  3840.,  4983.,\n",
       "         1038.,  2164.,  8847.,  2374.,  6108.,  2292.,  8490.,  8674.,\n",
       "         5936.,  4821.,  5553.,  2707.,  3138.,  7604.,  3473.,  4189.,\n",
       "         6681.,  7747.],\n",
       "       [ 6935.,  1109.,  6713.,  5998.,     0.,  2326.,  2962., 10379.,\n",
       "         5060.,  7560., 14243.,  3738.,  1178.,  5534., 13886., 14070.,\n",
       "        11332., 10217.,  2423.,  8103.,  8534., 13000.,  3435.,  9585.,\n",
       "        12077., 13143.],\n",
       "       [ 5177.,  3111.,  4955.,  4240.,  2326.,     0.,  1204.,  8621.,\n",
       "         3302.,  5802., 12485.,  1980.,  2436.,  3776., 12128., 12312.,\n",
       "         9574.,  8459.,  1881.,  6345.,  6776., 11242.,  1677.,  7827.,\n",
       "        10319., 11385.],\n",
       "       [ 4777.,  3747.,  4555.,  3840.,  2962.,  1204.,     0.,  8221.,\n",
       "         2902.,  5402., 12085.,  1580.,  3072.,  3376., 11728., 11912.,\n",
       "         9174.,  8059.,  2517.,  5945.,  6376., 10842.,  1277.,  7427.,\n",
       "         9919., 10985.],\n",
       "       [ 3850., 11164.,  5550.,  4983., 10379.,  8621.,  8221.,     0.,\n",
       "         5419.,  3903.,  4330.,  6755., 10489.,  6673.,  3973.,  4157.,\n",
       "         1419.,  1346.,  9934.,  4166.,  3133.,  3087.,  7854.,  2500.,\n",
       "         2164.,  3230.],\n",
       "       [ 1975.,  5845.,  1753.,  1038.,  5060.,  3302.,  2902.,  5419.,\n",
       "            0.,  2600.,  9283.,  1436.,  5170.,  1354.,  8926.,  9110.,\n",
       "         6372.,  5257.,  4615.,  3143.,  3574.,  8040.,  2535.,  4625.,\n",
       "         7117.,  8183.],\n",
       "       [ 1031.,  8345.,  2731.,  2164.,  7560.,  5802.,  5402.,  3903.,\n",
       "         2600.,     0.,  7767.,  3936.,  7670.,  3854.,  7410.,  7594.,\n",
       "         4856.,  3741.,  7115.,  1627.,  2058.,  6524.,  5035.,  3109.,\n",
       "         5601.,  6667.],\n",
       "       [ 7714., 15028.,  9414.,  8847., 14243., 12485., 12085.,  4330.,\n",
       "         9283.,  7767.,     0., 10619., 14353., 10537.,   817.,  1793.,\n",
       "         3851.,  5210., 13798.,  8030.,  6997.,  2825., 11718.,  6364.,\n",
       "         3468.,  1666.],\n",
       "       [ 3311.,  4523.,  3089.,  2374.,  3738.,  1980.,  1580.,  6755.,\n",
       "         1436.,  3936., 10619.,     0.,  3848.,  1910., 10262., 10446.,\n",
       "         7708.,  6593.,  3293.,  4479.,  4910.,  9376.,  1213.,  5961.,\n",
       "         8453.,  9519.],\n",
       "       [ 7045.,  1963.,  6823.,  6108.,  1178.,  2436.,  3072., 10489.,\n",
       "         5170.,  7670., 14353.,  3848.,     0.,  5644., 13996., 14180.,\n",
       "        11442., 10327.,  2533.,  8213.,  8644., 13110.,  3545.,  9695.,\n",
       "        12187., 13253.],\n",
       "       [ 3229.,  6319.,  3007.,  2292.,  5534.,  3776.,  3376.,  6673.,\n",
       "         1354.,  3854., 10537.,  1910.,  5644.,     0., 10180., 10364.,\n",
       "         7626.,  6511.,  5089.,  4397.,  4828.,  9294.,  3009.,  5879.,\n",
       "         8371.,  9437.],\n",
       "       [ 7357., 14671.,  9057.,  8490., 13886., 12128., 11728.,  3973.,\n",
       "         8926.,  7410.,   817., 10262., 13996., 10180.,     0.,  1436.,\n",
       "         3494.,  4853., 13441.,  7673.,  6640.,  2468., 11361.,  6007.,\n",
       "         3111.,  1309.],\n",
       "       [ 7541., 14855.,  9241.,  8674., 14070., 12312., 11912.,  4157.,\n",
       "         9110.,  7594.,  1793., 10446., 14180., 10364.,  1436.,     0.,\n",
       "         3678.,  5037., 13625.,  7857.,  6824.,  2652., 11545.,  6191.,\n",
       "         3295.,  1493.],\n",
       "       [ 4803., 12117.,  6503.,  5936., 11332.,  9574.,  9174.,  1419.,\n",
       "         6372.,  4856.,  3851.,  7708., 11442.,  7626.,  3494.,  3678.,\n",
       "            0.,  2299., 10887.,  5119.,  4086.,  2608.,  8807.,  3453.,\n",
       "         1685.,  2751.],\n",
       "       [ 3688., 11002.,  5388.,  4821., 10217.,  8459.,  8059.,  1346.,\n",
       "         5257.,  3741.,  5210.,  6593., 10327.,  6511.,  4853.,  5037.,\n",
       "         2299.,     0.,  9772.,  4004.,  2971.,  3967.,  7692.,  2338.,\n",
       "         3044.,  4110.],\n",
       "       [ 6490.,  3208.,  6268.,  5553.,  2423.,  1881.,  2517.,  9934.,\n",
       "         4615.,  7115., 13798.,  3293.,  2533.,  5089., 13441., 13625.,\n",
       "        10887.,  9772.,     0.,  7658.,  8089., 12555.,  2990.,  9140.,\n",
       "        11632., 12698.],\n",
       "       [ 1574.,  8888.,  3274.,  2707.,  8103.,  6345.,  5945.,  4166.,\n",
       "         3143.,  1627.,  8030.,  4479.,  8213.,  4397.,  7673.,  7857.,\n",
       "         5119.,  4004.,  7658.,     0.,  2321.,  6787.,  5578.,  3372.,\n",
       "         5864.,  6930.],\n",
       "       [ 2005.,  9319.,  3705.,  3138.,  8534.,  6776.,  6376.,  3133.,\n",
       "         3574.,  2058.,  6997.,  4910.,  8644.,  4828.,  6640.,  6824.,\n",
       "         4086.,  2971.,  8089.,  2321.,     0.,  5754.,  6009.,  2339.,\n",
       "         4831.,  5897.],\n",
       "       [ 6471., 13785.,  8171.,  7604., 13000., 11242., 10842.,  3087.,\n",
       "         8040.,  6524.,  2825.,  9376., 13110.,  9294.,  2468.,  2652.,\n",
       "         2608.,  3967., 12555.,  6787.,  5754.,     0., 10475.,  5121.,\n",
       "         2225.,  1725.],\n",
       "       [ 4410.,  4220.,  4188.,  3473.,  3435.,  1677.,  1277.,  7854.,\n",
       "         2535.,  5035., 11718.,  1213.,  3545.,  3009., 11361., 11545.,\n",
       "         8807.,  7692.,  2990.,  5578.,  6009., 10475.,     0.,  7060.,\n",
       "         9552., 10618.],\n",
       "       [ 3056., 10370.,  4756.,  4189.,  9585.,  7827.,  7427.,  2500.,\n",
       "         4625.,  3109.,  6364.,  5961.,  9695.,  5879.,  6007.,  6191.,\n",
       "         3453.,  2338.,  9140.,  3372.,  2339.,  5121.,  7060.,     0.,\n",
       "         4198.,  5264.],\n",
       "       [ 5548., 12862.,  7248.,  6681., 12077., 10319.,  9919.,  2164.,\n",
       "         7117.,  5601.,  3468.,  8453., 12187.,  8371.,  3111.,  3295.,\n",
       "         1685.,  3044., 11632.,  5864.,  4831.,  2225.,  9552.,  4198.,\n",
       "            0.,  2368.],\n",
       "       [ 6614., 13928.,  8314.,  7747., 13143., 11385., 10985.,  3230.,\n",
       "         8183.,  6667.,  1666.,  9519., 13253.,  9437.,  1309.,  1493.,\n",
       "         2751.,  4110., 12698.,  6930.,  5897.,  1725., 10618.,  5264.,\n",
       "         2368.,     0.]])"
      ]
     },
     "execution_count": 6,
     "metadata": {},
     "output_type": "execute_result"
    }
   ],
   "source": [
    "D_matrix"
   ]
  },
  {
   "cell_type": "code",
   "execution_count": 7,
   "metadata": {
    "scrolled": false
   },
   "outputs": [
    {
     "data": {
      "text/plain": [
       "402.0"
      ]
     },
     "execution_count": 7,
     "metadata": {},
     "output_type": "execute_result"
    }
   ],
   "source": [
    "LimbLength(D_matrix, j)"
   ]
  },
  {
   "cell_type": "code",
   "execution_count": 8,
   "metadata": {},
   "outputs": [],
   "source": [
    "D_matrix = np.array([[0,14,17,17],\n",
    "[14,0,7,13],\n",
    "[17,7,0,16],\n",
    "[17,13,16,0]])"
   ]
  },
  {
   "cell_type": "code",
   "execution_count": 9,
   "metadata": {},
   "outputs": [
    {
     "data": {
      "text/plain": [
       "array([[ 0, 14, 17, 17],\n",
       "       [14,  0,  7, 13],\n",
       "       [17,  7,  0, 16],\n",
       "       [17, 13, 16,  0]])"
      ]
     },
     "execution_count": 9,
     "metadata": {},
     "output_type": "execute_result"
    }
   ],
   "source": [
    "D_matrix"
   ]
  },
  {
   "cell_type": "code",
   "execution_count": 10,
   "metadata": {},
   "outputs": [
    {
     "data": {
      "text/plain": [
       "5.0"
      ]
     },
     "execution_count": 10,
     "metadata": {},
     "output_type": "execute_result"
    }
   ],
   "source": [
    "LimbLength(D_matrix,2)"
   ]
  },
  {
   "cell_type": "markdown",
   "metadata": {},
   "source": [
    "# Additive Phylogeny"
   ]
  },
  {
   "cell_type": "code",
   "execution_count": 1,
   "metadata": {},
   "outputs": [],
   "source": [
    "ip = \"\"\"23\n",
    "0 1127 6494 2035 4656 2072 4793 3531 2770 2854 7070 4904 4716 1196 6530 3697 1474 6225 2691 2144 4349 4698 3715\n",
    "1127 0 7087 1228 3849 2665 3986 2724 1963 2047 7663 5497 5309 1789 7123 4290 667 6818 3284 2737 4942 3891 4308\n",
    "6494 7087 0 7995 10616 5446 10753 9491 8730 8814 2500 2752 3308 6432 1960 4761 7434 2101 3937 5208 2325 10658 4025\n",
    "2035 1228 7995 0 3067 3573 3204 1942 1181 1265 8571 6405 6217 2697 8031 5198 1253 7726 4192 3645 5850 3109 5216\n",
    "4656 3849 10616 3067 0 6194 1869 1831 3628 1912 11192 9026 8838 5318 10652 7819 3874 10347 6813 6266 8471 1774 7837\n",
    "2072 2665 5446 3573 6194 0 6331 5069 4308 4392 6022 3856 3668 2010 5482 2649 3012 5177 1643 1096 3301 6236 2667\n",
    "4793 3986 10753 3204 1869 6331 0 1968 3765 2049 11329 9163 8975 5455 10789 7956 4011 10484 6950 6403 8608 1287 7974\n",
    "3531 2724 9491 1942 1831 5069 1968 0 2503 787 10067 7901 7713 4193 9527 6694 2749 9222 5688 5141 7346 1873 6712\n",
    "2770 1963 8730 1181 3628 4308 3765 2503 0 1826 9306 7140 6952 3432 8766 5933 1988 8461 4927 4380 6585 3670 5951\n",
    "2854 2047 8814 1265 1912 4392 2049 787 1826 0 9390 7224 7036 3516 8850 6017 2072 8545 5011 4464 6669 1954 6035\n",
    "7070 7663 2500 8571 11192 6022 11329 10067 9306 9390 0 3328 3884 7008 1338 5337 8010 2677 4513 5784 2901 11234 4601\n",
    "4904 5497 2752 6405 9026 3856 9163 7901 7140 7224 3328 0 1718 4842 2788 3171 5844 2483 2347 3618 735 9068 2435\n",
    "4716 5309 3308 6217 8838 3668 8975 7713 6952 7036 3884 1718 0 4654 3344 2983 5656 3039 2159 3430 1163 8880 2247\n",
    "1196 1789 6432 2697 5318 2010 5455 4193 3432 3516 7008 4842 4654 0 6468 3635 2136 6163 2629 2082 4287 5360 3653\n",
    "6530 7123 1960 8031 10652 5482 10789 9527 8766 8850 1338 2788 3344 6468 0 4797 7470 2137 3973 5244 2361 10694 4061\n",
    "3697 4290 4761 5198 7819 2649 7956 6694 5933 6017 5337 3171 2983 3635 4797 0 4637 4492 1140 2411 2616 7861 1982\n",
    "1474 667 7434 1253 3874 3012 4011 2749 1988 2072 8010 5844 5656 2136 7470 4637 0 7165 3631 3084 5289 3916 4655\n",
    "6225 6818 2101 7726 10347 5177 10484 9222 8461 8545 2677 2483 3039 6163 2137 4492 7165 0 3668 4939 2056 10389 3756\n",
    "2691 3284 3937 4192 6813 1643 6950 5688 4927 5011 4513 2347 2159 2629 3973 1140 3631 3668 0 1405 1792 6855 1158\n",
    "2144 2737 5208 3645 6266 1096 6403 5141 4380 4464 5784 3618 3430 2082 5244 2411 3084 4939 1405 0 3063 6308 2429\n",
    "4349 4942 2325 5850 8471 3301 8608 7346 6585 6669 2901 735 1163 4287 2361 2616 5289 2056 1792 3063 0 8513 1880\n",
    "4698 3891 10658 3109 1774 6236 1287 1873 3670 1954 11234 9068 8880 5360 10694 7861 3916 10389 6855 6308 8513 0 7879\n",
    "3715 4308 4025 5216 7837 2667 7974 6712 5951 6035 4601 2435 2247 3653 4061 1982 4655 3756 1158 2429 1880 7879 0\n",
    "\"\"\""
   ]
  },
  {
   "cell_type": "code",
   "execution_count": 2,
   "metadata": {},
   "outputs": [
    {
     "name": "stdout",
     "output_type": "stream",
     "text": [
      "23\n"
     ]
    }
   ],
   "source": [
    "ip = ip.strip()\n",
    "ip = ip.split(\"\\n\")\n",
    "n = int(ip.pop(0))\n",
    "print(n)"
   ]
  },
  {
   "cell_type": "code",
   "execution_count": 3,
   "metadata": {},
   "outputs": [],
   "source": [
    "import numpy as np\n",
    "D_matrix = np.zeros((n,n))\n",
    "for row, value in enumerate(ip):\n",
    "    D_matrix[row] = value.split(\" \")"
   ]
  },
  {
   "cell_type": "code",
   "execution_count": 4,
   "metadata": {
    "scrolled": true
   },
   "outputs": [
    {
     "data": {
      "text/plain": [
       "array([[    0.,  1127.,  6494.,  2035.,  4656.,  2072.,  4793.,  3531.,\n",
       "         2770.,  2854.,  7070.,  4904.,  4716.,  1196.,  6530.,  3697.,\n",
       "         1474.,  6225.,  2691.,  2144.,  4349.,  4698.,  3715.],\n",
       "       [ 1127.,     0.,  7087.,  1228.,  3849.,  2665.,  3986.,  2724.,\n",
       "         1963.,  2047.,  7663.,  5497.,  5309.,  1789.,  7123.,  4290.,\n",
       "          667.,  6818.,  3284.,  2737.,  4942.,  3891.,  4308.],\n",
       "       [ 6494.,  7087.,     0.,  7995., 10616.,  5446., 10753.,  9491.,\n",
       "         8730.,  8814.,  2500.,  2752.,  3308.,  6432.,  1960.,  4761.,\n",
       "         7434.,  2101.,  3937.,  5208.,  2325., 10658.,  4025.],\n",
       "       [ 2035.,  1228.,  7995.,     0.,  3067.,  3573.,  3204.,  1942.,\n",
       "         1181.,  1265.,  8571.,  6405.,  6217.,  2697.,  8031.,  5198.,\n",
       "         1253.,  7726.,  4192.,  3645.,  5850.,  3109.,  5216.],\n",
       "       [ 4656.,  3849., 10616.,  3067.,     0.,  6194.,  1869.,  1831.,\n",
       "         3628.,  1912., 11192.,  9026.,  8838.,  5318., 10652.,  7819.,\n",
       "         3874., 10347.,  6813.,  6266.,  8471.,  1774.,  7837.],\n",
       "       [ 2072.,  2665.,  5446.,  3573.,  6194.,     0.,  6331.,  5069.,\n",
       "         4308.,  4392.,  6022.,  3856.,  3668.,  2010.,  5482.,  2649.,\n",
       "         3012.,  5177.,  1643.,  1096.,  3301.,  6236.,  2667.],\n",
       "       [ 4793.,  3986., 10753.,  3204.,  1869.,  6331.,     0.,  1968.,\n",
       "         3765.,  2049., 11329.,  9163.,  8975.,  5455., 10789.,  7956.,\n",
       "         4011., 10484.,  6950.,  6403.,  8608.,  1287.,  7974.],\n",
       "       [ 3531.,  2724.,  9491.,  1942.,  1831.,  5069.,  1968.,     0.,\n",
       "         2503.,   787., 10067.,  7901.,  7713.,  4193.,  9527.,  6694.,\n",
       "         2749.,  9222.,  5688.,  5141.,  7346.,  1873.,  6712.],\n",
       "       [ 2770.,  1963.,  8730.,  1181.,  3628.,  4308.,  3765.,  2503.,\n",
       "            0.,  1826.,  9306.,  7140.,  6952.,  3432.,  8766.,  5933.,\n",
       "         1988.,  8461.,  4927.,  4380.,  6585.,  3670.,  5951.],\n",
       "       [ 2854.,  2047.,  8814.,  1265.,  1912.,  4392.,  2049.,   787.,\n",
       "         1826.,     0.,  9390.,  7224.,  7036.,  3516.,  8850.,  6017.,\n",
       "         2072.,  8545.,  5011.,  4464.,  6669.,  1954.,  6035.],\n",
       "       [ 7070.,  7663.,  2500.,  8571., 11192.,  6022., 11329., 10067.,\n",
       "         9306.,  9390.,     0.,  3328.,  3884.,  7008.,  1338.,  5337.,\n",
       "         8010.,  2677.,  4513.,  5784.,  2901., 11234.,  4601.],\n",
       "       [ 4904.,  5497.,  2752.,  6405.,  9026.,  3856.,  9163.,  7901.,\n",
       "         7140.,  7224.,  3328.,     0.,  1718.,  4842.,  2788.,  3171.,\n",
       "         5844.,  2483.,  2347.,  3618.,   735.,  9068.,  2435.],\n",
       "       [ 4716.,  5309.,  3308.,  6217.,  8838.,  3668.,  8975.,  7713.,\n",
       "         6952.,  7036.,  3884.,  1718.,     0.,  4654.,  3344.,  2983.,\n",
       "         5656.,  3039.,  2159.,  3430.,  1163.,  8880.,  2247.],\n",
       "       [ 1196.,  1789.,  6432.,  2697.,  5318.,  2010.,  5455.,  4193.,\n",
       "         3432.,  3516.,  7008.,  4842.,  4654.,     0.,  6468.,  3635.,\n",
       "         2136.,  6163.,  2629.,  2082.,  4287.,  5360.,  3653.],\n",
       "       [ 6530.,  7123.,  1960.,  8031., 10652.,  5482., 10789.,  9527.,\n",
       "         8766.,  8850.,  1338.,  2788.,  3344.,  6468.,     0.,  4797.,\n",
       "         7470.,  2137.,  3973.,  5244.,  2361., 10694.,  4061.],\n",
       "       [ 3697.,  4290.,  4761.,  5198.,  7819.,  2649.,  7956.,  6694.,\n",
       "         5933.,  6017.,  5337.,  3171.,  2983.,  3635.,  4797.,     0.,\n",
       "         4637.,  4492.,  1140.,  2411.,  2616.,  7861.,  1982.],\n",
       "       [ 1474.,   667.,  7434.,  1253.,  3874.,  3012.,  4011.,  2749.,\n",
       "         1988.,  2072.,  8010.,  5844.,  5656.,  2136.,  7470.,  4637.,\n",
       "            0.,  7165.,  3631.,  3084.,  5289.,  3916.,  4655.],\n",
       "       [ 6225.,  6818.,  2101.,  7726., 10347.,  5177., 10484.,  9222.,\n",
       "         8461.,  8545.,  2677.,  2483.,  3039.,  6163.,  2137.,  4492.,\n",
       "         7165.,     0.,  3668.,  4939.,  2056., 10389.,  3756.],\n",
       "       [ 2691.,  3284.,  3937.,  4192.,  6813.,  1643.,  6950.,  5688.,\n",
       "         4927.,  5011.,  4513.,  2347.,  2159.,  2629.,  3973.,  1140.,\n",
       "         3631.,  3668.,     0.,  1405.,  1792.,  6855.,  1158.],\n",
       "       [ 2144.,  2737.,  5208.,  3645.,  6266.,  1096.,  6403.,  5141.,\n",
       "         4380.,  4464.,  5784.,  3618.,  3430.,  2082.,  5244.,  2411.,\n",
       "         3084.,  4939.,  1405.,     0.,  3063.,  6308.,  2429.],\n",
       "       [ 4349.,  4942.,  2325.,  5850.,  8471.,  3301.,  8608.,  7346.,\n",
