{
 "cells": [
  {
   "cell_type": "code",
   "execution_count": 1,
   "metadata": {},
   "outputs": [],
   "source": [
    "import numpy as np\n",
    "import bioinfo4 as bio"
   ]
  },
  {
   "cell_type": "markdown",
   "metadata": {},
   "source": [
    "# Ultrametric Evolutionary Trees"
   ]
  },
  {
   "cell_type": "markdown",
   "metadata": {},
   "source": [
    " ```R\n",
    "UPGMA(D, n) \n",
    "       ",
    "Clusters ← n single-element clusters labeled 1, ... , n\n",
    "      ",
    " construct a graph T with n isolated nodes labeled by single elements 1, ... , n\n",
    "    for every node v in T \n",
    "        Age(v) ← 0\n",
    "    while there is more than one cluster\n",
    "        find the two closest clusters Ci and Cj ",
    " \n",
    "        merge Ci and Cj into a new cluster Cnew with |Ci| + |Cj| elements\n",
    "        add a new node labeled by cluster Cnew to T\n",
    "        connect node Cnew to Ci and Cj by directed edges ",
    " \n",
    "        Age(Cnew) ← DCi, Cj / 2\n",
    "        remove the rows and columns of D corresponding to Ci and Cj ",
    "\n",
    "        remove Ci and Cj from Clusters ",
    "\n",
    "        add a row/column to D for Cnew by computing D(Cnew, C) for each C in Clusters\n",
    "        add Cnew to Clusters\n",
    "    root ← the node in T corresponding to the remaining cluster\n",
    "    for each edge (v, w) in T\n",
    "        length of (v, w) ← Age(v) - Age(w)\n",
    "    return T\n",
    "```"
   ]
  },
  {
   "cell_type": "code",
   "execution_count": 208,
   "metadata": {},
   "outputs": [],
   "source": [
    "def input_to_D_array(ip):\n",
    "    ip = ip.strip()\n",
    "    ip = ip.split('\\n')\n",
    "    n = int(ip.pop(0))\n",
    "    D_array = np.zeros((n,n))\n",
    "    try:\n",
    "        for i,row in enumerate(ip):\n",
    "            D_array[i] = [int(k) for k in row.strip().split(\" \")]\n",
    "    except:\n",
    "        for i,row in enumerate(ip):\n",
    "            D_array[i] = [int(k) for k in row.strip().split(\"\\t\")]\n",
    "    return D_array\n",
    "\n",
    "def D_array_to_dict(D_array):\n",
    "    n = D_array.shape[0]\n",
    "    D_dict = {}\n",
    "    for i in range(n-1):\n",
    "        for k in range(i+1, n):\n",
    "            D_dict[f\"{i}-{k}\"] = D_array[i,k]\n",
    "    return D_dict\n",
    "\n",
    "def input_to_D_dict(ip):\n",
    "    D_array = input_to_D_array(ip)\n",
    "    return D_array_to_dict(D_array)\n",
    "\n",
    "def find_closest_clusters(D_dict):\n",
    "    return min(D_dict.keys(), key=(lambda k: D_dict[k]))"
   ]
  },
  {
   "cell_type": "code",
   "execution_count": 209,
   "metadata": {},
   "outputs": [],
   "source": [
    "def UPGMA(D_array,n,nn_count =None):\n",
    "    D_dict = D_array_to_dict(D_array)\n",
    "\n",
    "    Clusters = {}\n",
    "    for i in range(n):\n",
    "        Clusters[str(i)] = [str(i)]\n",
    "    Clusters_ref = Clusters.copy()\n",
    "\n",
    "    T = {}\n",
    "\n",
    "    Age = {}\n",
    "    for node in Clusters:\n",
    "        Age[node] = 0\n",
    "    if nn_count == None:\n",
    "        nn_count = 1\n",
    "    while len(Clusters) > 2 :\n",
    "\n",
    "        # find closest clusters\n",
    "        closest_clusters = find_closest_clusters(D_dict)\n",
    "        cluster_1, cluster_2 = closest_clusters.split(\"-\")\n",
    "\n",
    "        if closest_clusters in D_dict:\n",
    "            closest_distance = D_dict[closest_clusters]\n",
    "        #update Distance and Clusters\n",
    "        del D_dict[f\"{cluster_1}-{cluster_2}\"], Clusters[cluster_1], Clusters[cluster_2]\n",
    "\n",
    "        #new_node = f\"{cluster_1},{cluster_2}\"\n",
    "        new_node = str(n - 1 + nn_count)\n",
    "        nn_count += 1\n",
    "        Clusters_ref[new_node] = Clusters_ref[cluster_1] + Clusters_ref[cluster_2]    \n",
    "        #Merge 2 cluster and update distance\n",
    "        for i in Clusters:\n",
    "            if f\"{i}-{cluster_1}\" in D_dict:\n",
    "                Di_to_cluster1 = D_dict[f\"{i}-{cluster_1}\"].copy()\n",
    "                del D_dict[f\"{i}-{cluster_1}\"]\n",
    "            else:\n",
    "                Di_to_cluster1 = D_dict[f\"{cluster_1}-{i}\"]\n",
    "                del D_dict[f\"{cluster_1}-{i}\"]\n",
    "\n",
    "            if f\"{i}-{cluster_2}\" in D_dict:\n",
    "                Di_to_cluster2 = D_dict[f\"{i}-{cluster_2}\"].copy()\n",
    "                del D_dict[f\"{i}-{cluster_2}\"]\n",
    "            else:\n",
    "                Di_to_cluster2 = D_dict[f\"{cluster_2}-{i}\"]\n",
    "                del D_dict[f\"{cluster_2}-{i}\"]\n",
    "\n",
    "            Di_new_node = (\n",
    "                            (Di_to_cluster1*len(Clusters_ref[cluster_1]))+\n",
    "                           (Di_to_cluster2*len(Clusters_ref[cluster_2]))\n",
    "                           )/(len(Clusters_ref[cluster_1])+len(Clusters_ref[cluster_2]))    \n",
    "\n",
    "            D_dict[f\"{i}-{new_node}\"] = Di_new_node\n",
    "\n",
    "        Clusters[new_node] = Clusters_ref[cluster_1] + Clusters_ref[cluster_2]\n",
    "\n",
    "        # update age, add new node to T and connect new node \n",
    "        Age[new_node] = closest_distance/2\n",
    "        new_edge = f\"{new_node}->{cluster_1}\"\n",
    "        edge_length = Age[new_node]- Age[cluster_1]\n",
    "        T = bio.AddEdge2T(T,new_edge,edge_length)\n",
    "\n",
    "        new_edge = f\"{new_node}->{cluster_2}\"\n",
    "        edge_length = Age[new_node]- Age[cluster_2]\n",
    "        T = bio.AddEdge2T(T,new_edge,edge_length)\n",
    "\n",
    "\n",
    "\n",
    "    root =str(n - 1 + nn_count)\n",
    "    closest_clusters = find_closest_clusters(D_dict)\n",
    "    closest_distance = D_dict[closest_clusters]\n",
    "    cluster_1, cluster_2 = closest_clusters.split(\"-\")\n",
    "\n",
    "    Age[root] = D_dict[find_closest_clusters(D_dict)]/2\n",
    "    new_edge = f\"{root}->{cluster_1}\"\n",
    "    edge_length = Age[root]- Age[cluster_1]\n",
    "    T = bio.AddEdge2T(T,new_edge,edge_length)\n",
    "\n",
    "    new_edge = f\"{root}->{cluster_2}\"\n",
    "    edge_length = Age[root]- Age[cluster_2]\n",
    "    T = bio.AddEdge2T(T,new_edge,edge_length)\n",
    "    T = {k:v for k,v in sorted(T.items(),key=(lambda item: int(item[0].split(\"->\")[0])))}\n",
    "\n",
    "    return T"
   ]
  },
  {
   "cell_type": "code",
   "execution_count": 22,
   "metadata": {},
   "outputs": [],
   "source": [
    "ip = \"\"\"\n",
    "4\n",
    "0\t20\t17\t11\n",
    "20\t0\t20\t13\n",
    "17\t20\t0\t10\n",
    "11\t13\t10\t0\n",
    "\"\"\""
   ]
  },
  {
   "cell_type": "code",
   "execution_count": 59,
   "metadata": {},
   "outputs": [],
   "source": [
    "ip = \"\"\"\n",
    "4\n",
    "0\t3\t4\t3\n",
    "3\t0\t4\t5\n",
    "4\t4\t0\t2\n",
    "3\t5\t2\t0\n",
    "\"\"\""
   ]
  },
  {
   "cell_type": "code",
   "execution_count": 199,
   "metadata": {},
   "outputs": [],
   "source": [
    "ip = \"\"\"25\n",
    "0 1155 892 1144 1046 1214 1181 703 639 788 665 786 940 883 1078 707 1030 970 911 1239 922 937 721 1100 1025 \n",
    "1155 0 738 819 1210 796 971 678 732 964 842 1130 952 835 849 675 906 780 1242 1047 966 1176 1005 776 1227 \n",
    "892 738 0 1077 1022 1152 1054 1125 653 853 928 839 1038 764 1240 698 833 920 758 1188 1183 628 656 1049 1001 \n",
    "1144 819 1077 0 773 1236 1200 1201 877 1232 837 692 714 825 1220 856 1026 684 1031 769 863 1233 948 661 1219 \n",
    "1046 1210 1022 773 0 672 1079 919 747 1112 821 737 834 915 1225 874 1013 1165 1122 1185 787 1129 633 809 676 \n",
    "1214 796 1152 1236 672 0 710 647 1034 1098 762 706 1153 1115 1162 968 1218 890 770 731 955 783 727 696 960 \n",
    "1181 971 1054 1200 1079 710 0 999 663 926 1059 889 992 687 1204 993 1243 830 913 996 1149 813 1000 748 1029 \n",
    "703 678 1125 1201 919 647 999 0 963 767 899 983 866 683 1139 1163 841 930 945 708 794 1084 984 977 862 \n",
    "639 732 653 877 747 1034 663 963 0 752 1123 728 645 702 1118 1119 635 888 798 740 1178 927 891 725 1222 \n",
    "788 964 853 1232 1112 1098 926 767 752 0 682 935 781 1148 1191 943 1072 907 1135 1158 921 1027 1173 859 818 \n",
    "665 842 928 837 821 762 1059 899 1123 682 0 1117 1126 857 1069 829 1150 1089 858 990 938 771 1087 695 1172 \n",
    "786 1130 839 692 737 706 889 983 728 935 1117 0 827 627 685 730 870 716 1132 1168 933 824 697 1110 1091 \n",
    "940 952 1038 714 834 1153 992 866 645 781 1126 827 0 987 1171 650 944 1199 768 1075 801 670 679 1186 744 \n",
    "883 835 764 825 915 1115 687 683 702 1148 857 627 987 0 763 1108 912 746 1245 814 881 979 1189 1143 951 \n",
    "1078 849 1240 1220 1225 1162 1204 1139 1118 1191 1069 685 1171 763 0 657 718 667 981 1208 803 1023 1074 973 1113 \n",
    "707 675 698 856 874 968 993 1163 1119 943 829 730 650 1108 657 0 799 1160 848 882 931 832 668 1086 1145 \n",
    "1030 906 833 1026 1013 1218 1243 841 635 1072 1150 870 944 912 718 799 0 1213 646 1182 1099 760 815 1048 861 \n",
    "970 780 920 684 1165 890 830 930 888 907 1089 716 1199 746 667 1160 1213 0 1217 991 1202 1231 1012 1114 949 \n",
    "911 1242 758 1031 1122 770 913 945 798 1135 858 1132 768 1245 981 848 646 1217 0 843 711 886 790 959 851 \n",
    "1239 1047 1188 769 1185 731 996 708 740 1158 990 1168 1075 814 1208 882 1182 991 843 0 1039 997 1095 1247 789 \n",
    "922 966 1183 863 787 955 1149 794 1178 921 938 933 801 881 803 931 1099 1202 711 1039 0 1103 680 1042 1063 \n",
    "937 1176 628 1233 1129 783 813 1084 927 1027 771 824 670 979 1023 832 760 1231 886 997 1103 0 629 962 1166 \n",
    "721 1005 656 948 633 727 1000 984 891 1173 1087 697 679 1189 1074 668 815 1012 790 1095 680 629 0 995 1134 \n",
    "1100 776 1049 661 809 696 748 977 725 859 695 1110 1186 1143 973 1086 1048 1114 959 1247 1042 962 995 0 823 \n",
    "1025 1227 1001 1219 676 960 1029 862 1222 818 1172 1091 744 951 1113 1145 861 949 851 789 1063 1166 1134 823 0 \n",
    "\"\"\""
   ]
  },
  {
   "cell_type": "code",
   "execution_count": 200,
   "metadata": {
    "scrolled": true
   },
   "outputs": [
    {
     "data": {
      "text/plain": [
       "array([[   0., 1155.,  892., 1144., 1046., 1214., 1181.,  703.,  639.,\n",
       "         788.,  665.,  786.,  940.,  883., 1078.,  707., 1030.,  970.,\n",
       "         911., 1239.,  922.,  937.,  721., 1100., 1025.],\n",
       "       [1155.,    0.,  738.,  819., 1210.,  796.,  971.,  678.,  732.,\n",
       "         964.,  842., 1130.,  952.,  835.,  849.,  675.,  906.,  780.,\n",
       "        1242., 1047.,  966., 1176., 1005.,  776., 1227.],\n",
       "       [ 892.,  738.,    0., 1077., 1022., 1152., 1054., 1125.,  653.,\n",
       "         853.,  928.,  839., 1038.,  764., 1240.,  698.,  833.,  920.,\n",
       "         758., 1188., 1183.,  628.,  656., 1049., 1001.],\n",
       "       [1144.,  819., 1077.,    0.,  773., 1236., 1200., 1201.,  877.,\n",
       "        1232.,  837.,  692.,  714.,  825., 1220.,  856., 1026.,  684.,\n",
       "        1031.,  769.,  863., 1233.,  948.,  661., 1219.],\n",
       "       [1046., 1210., 1022.,  773.,    0.,  672., 1079.,  919.,  747.,\n",
       "        1112.,  821.,  737.,  834.,  915., 1225.,  874., 1013., 1165.,\n",
       "        1122., 1185.,  787., 1129.,  633.,  809.,  676.],\n",
       "       [1214.,  796., 1152., 1236.,  672.,    0.,  710.,  647., 1034.,\n",
       "        1098.,  762.,  706., 1153., 1115., 1162.,  968., 1218.,  890.,\n",
       "         770.,  731.,  955.,  783.,  727.,  696.,  960.],\n",
       "       [1181.,  971., 1054., 1200., 1079.,  710.,    0.,  999.,  663.,\n",
       "         926., 1059.,  889.,  992.,  687., 1204.,  993., 1243.,  830.,\n",
       "         913.,  996., 1149.,  813., 1000.,  748., 1029.],\n",
       "       [ 703.,  678., 1125., 1201.,  919.,  647.,  999.,    0.,  963.,\n",
       "         767.,  899.,  983.,  866.,  683., 1139., 1163.,  841.,  930.,\n",
       "         945.,  708.,  794., 1084.,  984.,  977.,  862.],\n",
       "       [ 639.,  732.,  653.,  877.,  747., 1034.,  663.,  963.,    0.,\n",
       "         752., 1123.,  728.,  645.,  702., 1118., 1119.,  635.,  888.,\n",
       "         798.,  740., 1178.,  927.,  891.,  725., 1222.],\n",
       "       [ 788.,  964.,  853., 1232., 1112., 1098.,  926.,  767.,  752.,\n",
       "           0.,  682.,  935.,  781., 1148., 1191.,  943., 1072.,  907.,\n",
       "        1135., 1158.,  921., 1027., 1173.,  859.,  818.],\n",
       "       [ 665.,  842.,  928.,  837.,  821.,  762., 1059.,  899., 1123.,\n",
       "         682.,    0., 1117., 1126.,  857., 1069.,  829., 1150., 1089.,\n",
       "         858.,  990.,  938.,  771., 1087.,  695., 1172.],\n",
       "       [ 786., 1130.,  839.,  692.,  737.,  706.,  889.,  983.,  728.,\n",
       "         935., 1117.,    0.,  827.,  627.,  685.,  730.,  870.,  716.,\n",
       "        1132., 1168.,  933.,  824.,  697., 1110., 1091.],\n",
       "       [ 940.,  952., 1038.,  714.,  834., 1153.,  992.,  866.,  645.,\n",
       "         781., 1126.,  827.,    0.,  987., 1171.,  650.,  944., 1199.,\n",
       "         768., 1075.,  801.,  670.,  679., 1186.,  744.],\n",
       "       [ 883.,  835.,  764.,  825.,  915., 1115.,  687.,  683.,  702.,\n",
       "        1148.,  857.,  627.,  987.,    0.,  763., 1108.,  912.,  746.,\n",
       "        1245.,  814.,  881.,  979., 1189., 1143.,  951.],\n",
       "       [1078.,  849., 1240., 1220., 1225., 1162., 1204., 1139., 1118.,\n",
       "        1191., 1069.,  685., 1171.,  763.,    0.,  657.,  718.,  667.,\n",
       "         981., 1208.,  803., 1023., 1074.,  973., 1113.],\n",
       "       [ 707.,  675.,  698.,  856.,  874.,  968.,  993., 1163., 1119.,\n",
       "         943.,  829.,  730.,  650., 1108.,  657.,    0.,  799., 1160.,\n",
       "         848.,  882.,  931.,  832.,  668., 1086., 1145.],\n",
       "       [1030.,  906.,  833., 1026., 1013., 1218., 1243.,  841.,  635.,\n",
       "        1072., 1150.,  870.,  944.,  912.,  718.,  799.,    0., 1213.,\n",
       "         646., 1182., 1099.,  760.,  815., 1048.,  861.],\n",
       "       [ 970.,  780.,  920.,  684., 1165.,  890.,  830.,  930.,  888.,\n",
       "         907., 1089.,  716., 1199.,  746.,  667., 1160., 1213.,    0.,\n",
       "        1217.,  991., 1202., 1231., 1012., 1114.,  949.],\n",
       "       [ 911., 1242.,  758., 1031., 1122.,  770.,  913.,  945.,  798.,\n",
       "        1135.,  858., 1132.,  768., 1245.,  981.,  848.,  646., 1217.,\n",
       "           0.,  843.,  711.,  886.,  790.,  959.,  851.],\n",
       "       [1239., 1047., 1188.,  769., 1185.,  731.,  996.,  708.,  740.,\n",
       "        1158.,  990., 1168., 1075.,  814., 1208.,  882., 1182.,  991.,\n",
       "         843.,    0., 1039.,  997., 1095., 1247.,  789.],\n",
       "       [ 922.,  966., 1183.,  863.,  787.,  955., 1149.,  794., 1178.,\n",
       "         921.,  938.,  933.,  801.,  881.,  803.,  931., 1099., 1202.,\n",
       "         711., 1039.,    0., 1103.,  680., 1042., 1063.],\n",
       "       [ 937., 1176.,  628., 1233., 1129.,  783.,  813., 1084.,  927.,\n",
       "        1027.,  771.,  824.,  670.,  979., 1023.,  832.,  760., 1231.,\n",
       "         886.,  997., 1103.,    0.,  629.,  962., 1166.],\n",
       "       [ 721., 1005.,  656.,  948.,  633.,  727., 1000.,  984.,  891.,\n",
       "        1173., 1087.,  697.,  679., 1189., 1074.,  668.,  815., 1012.,\n",
       "         790., 1095.,  680.,  629.,    0.,  995., 1134.],\n",
       "       [1100.,  776., 1049.,  661.,  809.,  696.,  748.,  977.,  725.,\n",
       "         859.,  695., 1110., 1186., 1143.,  973., 1086., 1048., 1114.,\n",
       "         959., 1247., 1042.,  962.,  995.,    0.,  823.],\n",
       "       [1025., 1227., 1001., 1219.,  676.,  960., 1029.,  862., 1222.,\n",
       "         818., 1172., 1091.,  744.,  951., 1113., 1145.,  861.,  949.,\n",
       "         851.,  789., 1063., 1166., 1134.,  823.,    0.]])"
      ]
     },
     "execution_count": 200,
     "metadata": {},
     "output_type": "execute_result"
    }
   ],
   "source": [
    "D_array = input_to_D_array(ip)\n",
    "n = D_array.shape[0]\n",
    "T= UPGMA(D_array,n)"
   ]
  },
  {
   "cell_type": "code",
   "execution_count": 203,
   "metadata": {
    "scrolled": false
   },
   "outputs": [
    {
     "name": "stdout",
     "output_type": "stream",
     "text": [
      "0->32:332.500\n",
      "1->40:398.750\n",
      "2->26:314.000\n",
      "3->31:330.500\n",
      "4->27:316.500\n",
      "5->29:323.500\n",
      "6->44:451.250\n",
      "7->29:323.500\n",
      "8->28:317.500\n",
      "9->37:367.500\n",
      "10->32:332.500\n",
      "11->25:313.500\n",
      "12->30:325.000\n",
      "13->25:313.500\n",
      "14->33:333.500\n",
      "15->30:325.000\n",
      "16->28:317.500\n",
      "17->33:333.500\n",
      "18->34:355.500\n",
      "19->35:359.750\n",
      "20->34:355.500\n",
      "21->26:314.000\n",
      "22->27:316.500\n",
      "23->31:330.500\n",
      "24->42:435.167\n",
      "25->11:313.500\n",
      "25->13:313.500\n",
      "25->36:50.250\n",
      "26->2:314.000\n",
      "26->21:314.000\n",
      "26->39:82.625\n",
      "27->4:316.500\n",
      "27->22:316.500\n",
      "27->38:65.375\n",
      "28->8:317.500\n",
      "28->16:317.500\n",
      "28->39:79.125\n",
      "29->5:323.500\n",
      "29->7:323.500\n",
      "29->35:36.250\n",
      "30->12:325.000\n",
      "30->15:325.000\n",
      "30->38:56.875\n",
      "31->3:330.500\n",
      "31->23:330.500\n",
      "31->40:68.250\n",
      "32->0:332.500\n",
      "32->10:332.500\n",
      "32->37:35.000\n",
      "33->14:333.500\n",
      "33->17:333.500\n",
      "33->36:30.250\n",
      "34->18:355.500\n",
      "34->20:355.500\n",
      "34->41:64.938\n",
      "35->19:359.750\n",
      "35->29:36.250\n",
      "35->42:75.417\n",
      "36->25:50.250\n",
      "36->33:30.250\n",
      "36->44:87.500\n",
      "37->9:367.500\n",
      "37->32:35.000\n",
      "37->45:101.583\n",
      "38->27:65.375\n",
      "38->30:56.875\n",
      "38->41:38.562\n",
      "39->26:82.625\n",
      "39->28:79.125\n",
      "39->43:47.083\n",
      "40->1:398.750\n",
      "40->31:68.250\n",
      "40->46:77.050\n",
      "41->34:64.938\n",
      "41->38:38.562\n",
      "41->43:23.271\n",
      "42->24:435.167\n",
      "42->35:75.417\n",
      "42->48:56.458\n",
      "43->39:47.083\n",
      "43->41:23.271\n",
      "43->45:25.375\n",
      "44->6:451.250\n",
      "44->36:87.500\n",
      "44->46:24.550\n",
      "45->37:101.583\n",
      "45->43:25.375\n",
      "45->47:21.301\n",
      "46->40:77.050\n",
      "46->44:24.550\n",
      "46->47:14.585\n",
      "47->45:21.301\n",
      "47->46:14.585\n",
      "47->48:1.240\n",
      "48->42:56.458\n",
      "48->47:1.240\n"
     ]
    }
   ],
   "source": [
    "for edge, length in T.items():\n",
    "    print(f\"{edge}:{length:.3f}\")"
   ]
  },
  {
   "cell_type": "code",
   "execution_count": 205,
   "metadata": {},
   "outputs": [
    {
     "name": "stdout",
     "output_type": "stream",
     "text": [
      "0\n",
      "1\n",
      "2\n",
      "3\n",
      "4\n",
      "5\n",
      "6\n",
      "7\n",
      "8\n"
     ]
    },
    {
     "data": {
      "text/plain": [
       "array([[   0.,  295.,  300.,  524., 1077., 1080.,  978.,  941.,  940.],\n",
       "       [ 295.,    0.,  314.,  487., 1071., 1088., 1010.,  963.,  966.],\n",
       "       [ 300.,  314.,    0.,  472., 1085., 1088., 1025.,  965.,  956.],\n",
       "       [ 524.,  487.,  472.,    0., 1101., 1099., 1021.,  962.,  965.],\n",
       "       [1076., 1070., 1085., 1101.,    0.,  818., 1053., 1057., 1054.],\n",
       "       [1082., 1088., 1088., 1098.,  818.,    0., 1070., 1085., 1080.],\n",
       "       [ 976., 1011., 1025., 1021., 1053., 1070.,    0.,  963.,  961.],\n",
       "       [ 941.,  963.,  965.,  962., 1057., 1085.,  963.,    0.,   16.],\n",
       "       [ 940.,  966.,  956.,  965., 1054., 1080.,  961.,   16.,    0.]])"
      ]
     },
     "execution_count": 205,
     "metadata": {},
     "output_type": "execute_result"
    }
   ],
   "source": [
    "ip = \"\"\"\tCow\tPig\tHorse\tMouse\tDog\tCat\tTurkey\tCivet\tHuman\n",
    "Cow\t0\t295\t300\t524\t1077\t1080\t978\t941\t940\n",
    "Pig\t295\t0\t314\t487\t1071\t1088\t1010\t963\t966\n",
    "Horse\t300\t314\t0\t472\t1085\t1088\t1025\t965\t956\n",
    "Mouse\t524\t487\t472\t0\t1101\t1099\t1021\t962\t965\n",
    "Dog\t1076\t1070\t1085\t1101\t0\t818\t1053\t1057\t1054\n",
    "Cat\t1082\t1088\t1088\t1098\t818\t0\t1070\t1085\t1080\n",
    "Turkey\t976\t1011\t1025\t1021\t1053\t1070\t0\t963\t961\n",
    "Civet\t941\t963\t965\t962\t1057\t1085\t963\t0\t16\n",
    "Human\t940\t966\t956\t965\t1054\t1080\t961\t16\t0\"\"\"\n",
    "ip = ip.split(\"\\n\")\n",
    "species = ip.pop(0).strip().split(\"\\t\")\n",
    "n = len(species)\n",
    "D = np.zeros((n,n))\n",
    "for row,value in enumerate(ip):\n",
    "    D[row] = value.split(\"\\t\")[1:]"
   ]
  },
  {
   "cell_type": "code",
   "execution_count": 206,
   "metadata": {},
   "outputs": [
    {
     "data": {
      "text/plain": [
       "{'0->10': 147.5,\n",
       " '1->10': 147.5,\n",
       " '2->11': 153.5,\n",
       " '3->12': 247.16666666666666,\n",
       " '4->13': 409.0,\n",
       " '5->13': 409.0,\n",
       " '6->15': 496.5,\n",
       " '7->9': 8.0,\n",
       " '8->9': 8.0,\n",
       " '9->7': 8.0,\n",
       " '9->8': 8.0,\n",
       " '9->14': 470.625,\n",
       " '10->0': 147.5,\n",
       " '10->1': 147.5,\n",
       " '10->11': 6.0,\n",
       " '11->2': 153.5,\n",
       " '11->10': 6.0,\n",
       " '11->12': 93.66666666666666,\n",
       " '12->3': 247.16666666666666,\n",
       " '12->11': 93.66666666666666,\n",
       " '12->14': 231.45833333333334,\n",
       " '13->4': 409.0,\n",
       " '13->5': 409.0,\n",
       " '13->16': 129.8571428571429,\n",
       " '14->9': 470.625,\n",
       " '14->12': 231.45833333333334,\n",
       " '14->15': 17.875,\n",
       " '15->6': 496.5,\n",
       " '15->14': 17.875,\n",
       " '15->16': 42.35714285714289,\n",
       " '16->13': 129.8571428571429,\n",
       " '16->15': 42.35714285714289}"
      ]
     },
     "execution_count": 206,
     "metadata": {},
     "output_type": "execute_result"
    }
   ],
   "source": [
    "n = D.shape[0]\n",
    "UPGMA(D, n)"
   ]
  },
  {
   "cell_type": "code",
   "execution_count": null,
   "metadata": {},
   "outputs": [],
   "source": []
  }
 ],
 "metadata": {
  "kernelspec": {
   "display_name": "Python 3",
   "language": "python",
   "name": "python3"
  },
  "language_info": {
   "codemirror_mode": {
    "name": "ipython",
    "version": 3
   },
   "file_extension": ".py",
   "mimetype": "text/x-python",
   "name": "python",
   "nbconvert_exporter": "python",
   "pygments_lexer": "ipython3",
   "version": "3.7.4"
  }
 },
 "nbformat": 4,
 "nbformat_minor": 2
}
